1 57 245 93 88 15 162 60 130 251 199 204 117 51 144 21 248 91
2 242 183 171 102 159 93 31 55 189 3 159 3 183 231 37 143 87
3 55 95 247 76 201 110 248 120 3 47 66 171 239 4 115 90 183
4 8 237 65 10 141 213 199 69 205 75 181 109 219 231 255 89 123
5 101 97 137 160 235 146 140 158 27 87 248 73 123 144 201 140 163
6 78 187 207 14 227 165 71 131 237 83 11 63 207 255 209 243 47
7 195 251 19 84 117 14 248 244 67 63 238 79 215 52 23 142 31
8 196 33 85 114 161 205 159 241 29 27 161 121 147 47 155 93 115
9 81 45 149 104 103 226 60 122 123 231 36 189 3 240 93 96 43
10 106 31 211 54 199 77 207 143 93 163 119 27 39 119 93 151 71
